0
0
0
0
0
0
0
0
0
0
0
0
0
0
0
0
0
0
0
0
0
0
0
0
0
0
0
0
0
0
0
0
0
0
0
0
0
1
0
0
0
0
0
0
0
0
0
0
0
0
0
0
0
0
0
0
0
0
0
0
0
0
0
0
0
0
0
0
0
0
0
0
0
0
716
2495
2278
1033
3825
2952
1332
923
2797
3050
2159
4071
1582
2385
1722
1303
3727
7
243
2012
321
2693
674
519
2583
2287
1826
3915
936
260
2922
3604
3227
1593
3559
2856
207
1222
2687
1538
2054
499
3580
1968
1807
2032
2502
1575
1094
1028
3817
721
3276
2801
1564
3177
3215
219
2440
2525
2224
2080
1242
1615
467
3307
18
3347
530
638
2676
4007
362
655
3022
3991
2732
1828
1081
2662
779
3046
1129
3672
1690
1251
2894
3145
1307
1577
2324
3206
3004
451
2794
702
615
2078
1898
2077
1423
2505
2026
433
93
2350
54
3356
3714
1724
3028
